random_n60_k2_pos30_neg5_err5_1.g;47.0;47.0;0.0;37.96;19.0;1
random_n60_k2_pos30_neg5_err5_2.g;54.0;54.0;0.0;2.33;1.0;1
random_n60_k2_pos30_neg5_err5_3.g;53.0;53.0;0.0;5.09;1.0;1
random_n60_k2_pos30_neg5_err5_4.g;49.0;49.0;0.0;6.31;1.0;1
random_n60_k2_pos30_neg5_err5_5.g;49.0;49.0;0.0;35.18;1.0;1
random_n60_k2_pos30_neg5_err10_1.g;42.0;42.0;0.0;54.24;352.0;1
random_n60_k2_pos30_neg5_err10_2.g;48.0;48.0;0.0;34.28;17.0;1
random_n60_k2_pos30_neg5_err10_3.g;43.0;43.0;0.0;73.16;256.0;1
random_n60_k2_pos30_neg5_err10_4.g;39.0;39.0;0.0;75.08;814.0;1
random_n60_k2_pos30_neg5_err10_5.g;42.0;42.0;0.0;61.83;416.0;1
random_n60_k2_pos30_neg5_err20_1.g;36.0;36.0;0.0;207.52;1633.0;1
random_n60_k2_pos30_neg5_err20_2.g;37.0;37.0;0.0;241.24;3517.0;1
random_n60_k2_pos30_neg5_err20_3.g;34.0;34.0;0.0;270.53;4534.0;1
random_n60_k2_pos30_neg5_err20_4.g;36.0;36.0;0.0;65.11;1581.0;1
random_n60_k2_pos30_neg5_err20_5.g;37.0;37.0;0.0;253.01;2307.0;1
random_n60_k3_pos30_neg5_err5_1.g;45.0;45.0;0.0;31.73;309.0;1
random_n60_k3_pos30_neg5_err5_2.g;49.0;49.0;0.0;24.39;55.0;1
random_n60_k3_pos30_neg5_err5_3.g;46.0;46.0;0.0;26.27;192.0;1
random_n60_k3_pos30_neg5_err5_4.g;46.0;46.0;0.0;42.95;334.0;1
random_n60_k3_pos30_neg5_err5_5.g;47.0;47.0;0.0;18.76;173.0;1
random_n60_k3_pos30_neg5_err10_1.g;43.0;43.0;0.0;46.41;790.0;1
random_n60_k3_pos30_neg5_err10_2.g;44.0;44.0;0.0;40.79;1550.0;1
random_n60_k3_pos30_neg5_err10_3.g;43.0;43.0;0.0;50.94;812.0;1
random_n60_k3_pos30_neg5_err10_4.g;43.0;43.0;0.0;68.47;1086.0;1
random_n60_k3_pos30_neg5_err10_5.g;42.0;42.0;0.0;46.53;998.0;1
random_n60_k3_pos30_neg5_err20_1.g;38.0;38.0;0.0;145.19;6679.0;1
random_n60_k3_pos30_neg5_err20_2.g;40.0;40.0;0.0;98.58;1999.0;1
random_n60_k3_pos30_neg5_err20_3.g;39.0;39.0;0.0;156.6;1748.0;1
random_n60_k3_pos30_neg5_err20_4.g;38.0;38.0;0.0;338.01;10194.0;1
random_n60_k3_pos30_neg5_err20_5.g;40.0;40.0;0.0;109.27;1851.0;1
random_n60_k4_pos30_neg5_err5_1.g;48.0;48.0;0.0;32.44;135.0;1
random_n60_k4_pos30_neg5_err5_2.g;47.0;47.0;0.0;34.84;647.0;1
random_n60_k4_pos30_neg5_err5_3.g;45.0;45.0;0.0;21.8;592.0;1
random_n60_k4_pos30_neg5_err5_4.g;45.0;45.0;0.0;132.57;1586.0;1
random_n60_k4_pos30_neg5_err5_5.g;46.0;46.0;0.0;42.88;935.0;1
random_n60_k4_pos30_neg5_err10_1.g;44.0;44.0;0.0;36.39;896.0;1
random_n60_k4_pos30_neg5_err10_2.g;44.0;44.0;0.0;60.77;1901.0;1
random_n60_k4_pos30_neg5_err10_3.g;46.0;46.0;0.0;46.28;923.0;1
random_n60_k4_pos30_neg5_err10_4.g;44.0;44.0;0.0;28.71;481.0;1
random_n60_k4_pos30_neg5_err10_5.g;42.0;42.0;0.0;144.51;2881.0;1
random_n60_k4_pos30_neg5_err20_1.g;43.0;43.0;0.0;56.23;1866.0;1
random_n60_k4_pos30_neg5_err20_2.g;42.0;42.0;0.0;101.43;2058.0;1
random_n60_k4_pos30_neg5_err20_3.g;43.0;43.0;0.0;89.75;1744.0;1
random_n60_k4_pos30_neg5_err20_4.g;42.0;42.0;0.0;95.88;1736.0;1
random_n60_k4_pos30_neg5_err20_5.g;40.0;40.0;0.0;160.25;6677.0;1
random_n60_k5_pos30_neg5_err5_1.g;45.0;45.0;0.0;30.66;917.0;1
random_n60_k5_pos30_neg5_err5_2.g;45.0;45.0;0.0;46.23;1727.0;1
random_n60_k5_pos30_neg5_err5_3.g;48.0;48.0;0.0;18.37;146.0;1
random_n60_k5_pos30_neg5_err5_4.g;46.0;46.0;0.0;21.3;485.0;1
random_n60_k5_pos30_neg5_err5_5.g;47.0;47.0;0.0;23.73;496.0;1
random_n60_k5_pos30_neg5_err10_1.g;44.0;44.0;0.0;57.21;2043.0;1
random_n60_k5_pos30_neg5_err10_2.g;43.0;43.0;0.0;174.31;5171.0;1
random_n60_k5_pos30_neg5_err10_3.g;46.0;46.0;0.0;18.49;445.0;1
random_n60_k5_pos30_neg5_err10_4.g;45.0;45.0;0.0;43.0;957.0;1
random_n60_k5_pos30_neg5_err10_5.g;44.0;44.0;0.0;43.09;2527.0;1
random_n60_k5_pos30_neg5_err20_1.g;43.0;43.0;0.0;88.0;2112.0;1
random_n60_k5_pos30_neg5_err20_2.g;43.0;43.0;0.0;122.78;3449.0;1
random_n60_k5_pos30_neg5_err20_3.g;42.0;42.0;0.0;51.06;2088.0;1
random_n60_k5_pos30_neg5_err20_4.g;42.0;42.0;0.0;87.68;2996.0;1
random_n60_k5_pos30_neg5_err20_5.g;43.0;43.0;0.0;127.1;3608.0;1
