random_n60_k2_pos30_neg5_err5_1.g;47.0;47.0;0.0;156.99;14.0;1
random_n60_k2_pos30_neg5_err5_2.g;54.0;54.0;0.0;9.91;1.0;1
random_n60_k2_pos30_neg5_err5_3.g;53.0;53.0;0.0;12.13;1.0;1
random_n60_k2_pos30_neg5_err5_4.g;49.0;49.0;0.0;31.4;1.0;1
random_n60_k2_pos30_neg5_err5_5.g;49.0;49.0;0.0;84.25;1.0;1
random_n60_k2_pos30_neg5_err10_1.g;42.0;42.0;0.0;116.11;181.0;1
random_n60_k2_pos30_neg5_err10_2.g;48.0;48.0;0.0;66.03;17.0;1
random_n60_k2_pos30_neg5_err10_3.g;43.0;43.0;0.0;127.07;170.0;1
random_n60_k2_pos30_neg5_err10_4.g;39.0;39.0;0.0;161.93;542.0;1
random_n60_k2_pos30_neg5_err10_5.g;42.0;42.0;0.0;163.58;294.0;1
random_n60_k2_pos30_neg5_err20_1.g;36.0;36.0;0.0;148.24;2554.0;1
random_n60_k2_pos30_neg5_err20_2.g;37.0;37.0;0.0;565.32;1854.0;1
random_n60_k2_pos30_neg5_err20_3.g;34.0;34.0;0.0;563.21;3471.0;1
random_n60_k2_pos30_neg5_err20_4.g;36.0;36.0;0.0;116.59;951.0;1
random_n60_k2_pos30_neg5_err20_5.g;37.0;37.0;0.0;620.3;2413.0;1
random_n60_k3_pos30_neg5_err5_1.g;45.0;45.0;0.0;53.09;137.0;1
random_n60_k3_pos30_neg5_err5_2.g;49.0;49.0;0.0;57.53;36.0;1
random_n60_k3_pos30_neg5_err5_3.g;46.0;46.0;0.0;46.12;94.0;1
random_n60_k3_pos30_neg5_err5_4.g;46.0;46.0;0.0;95.27;408.0;1
random_n60_k3_pos30_neg5_err5_5.g;47.0;47.0;0.0;48.98;152.0;1
random_n60_k3_pos30_neg5_err10_1.g;43.0;43.0;0.0;57.06;388.0;1
random_n60_k3_pos30_neg5_err10_2.g;44.0;44.0;0.0;86.04;701.0;1
random_n60_k3_pos30_neg5_err10_3.g;43.0;43.0;0.0;59.19;441.0;1
random_n60_k3_pos30_neg5_err10_4.g;43.0;43.0;0.0;130.47;719.0;1
random_n60_k3_pos30_neg5_err10_5.g;42.0;42.0;0.0;103.35;1061.0;1
random_n60_k3_pos30_neg5_err20_1.g;38.0;38.0;0.0;385.96;5671.0;1
random_n60_k3_pos30_neg5_err20_2.g;40.0;40.0;0.0;303.96;2627.0;1
random_n60_k3_pos30_neg5_err20_3.g;39.0;39.0;0.0;244.39;2165.0;1
random_n60_k3_pos30_neg5_err20_4.g;38.0;38.0;0.0;552.17;4696.0;1
random_n60_k3_pos30_neg5_err20_5.g;40.0;40.0;0.0;98.4;1540.0;1
random_n60_k4_pos30_neg5_err5_1.g;48.0;48.0;0.0;68.04;112.0;1
random_n60_k4_pos30_neg5_err5_2.g;47.0;47.0;0.0;88.15;1091.0;1
random_n60_k4_pos30_neg5_err5_3.g;45.0;45.0;0.0;53.13;510.0;1
random_n60_k4_pos30_neg5_err5_4.g;45.0;45.0;0.0;74.37;1065.0;1
random_n60_k4_pos30_neg5_err5_5.g;46.0;46.0;0.0;71.42;835.0;1
random_n60_k4_pos30_neg5_err10_1.g;44.0;44.0;0.0;52.44;470.0;1
random_n60_k4_pos30_neg5_err10_2.g;44.0;44.0;0.0;60.27;847.0;1
random_n60_k4_pos30_neg5_err10_3.g;46.0;46.0;0.0;61.17;488.0;1
random_n60_k4_pos30_neg5_err10_4.g;44.0;44.0;0.0;80.61;405.0;1
random_n60_k4_pos30_neg5_err10_5.g;42.0;42.0;0.0;111.54;2384.0;1
random_n60_k4_pos30_neg5_err20_1.g;43.0;43.0;0.0;50.6;541.0;1
random_n60_k4_pos30_neg5_err20_2.g;42.0;42.0;0.0;73.41;2182.0;1
random_n60_k4_pos30_neg5_err20_3.g;43.0;43.0;0.0;86.83;1522.0;1
random_n60_k4_pos30_neg5_err20_4.g;42.0;42.0;0.0;56.28;1274.0;1
random_n60_k4_pos30_neg5_err20_5.g;40.0;40.0;0.0;345.98;4828.0;1
random_n60_k5_pos30_neg5_err5_1.g;45.0;45.0;0.0;79.7;453.0;1
random_n60_k5_pos30_neg5_err5_2.g;45.0;45.0;0.0;52.18;1825.0;1
random_n60_k5_pos30_neg5_err5_3.g;48.0;48.0;0.0;46.75;119.0;1
random_n60_k5_pos30_neg5_err5_4.g;46.0;46.0;0.0;44.43;383.0;1
random_n60_k5_pos30_neg5_err5_5.g;47.0;47.0;0.0;70.4;251.0;1
random_n60_k5_pos30_neg5_err10_1.g;44.0;44.0;0.0;62.06;1193.0;1
random_n60_k5_pos30_neg5_err10_2.g;43.0;43.0;0.0;189.35;3035.0;1
random_n60_k5_pos30_neg5_err10_3.g;46.0;46.0;0.0;44.89;609.0;1
random_n60_k5_pos30_neg5_err10_4.g;45.0;45.0;0.0;54.03;691.0;1
random_n60_k5_pos30_neg5_err10_5.g;44.0;44.0;0.0;77.43;1754.0;1
random_n60_k5_pos30_neg5_err20_1.g;43.0;43.0;0.0;52.07;1483.0;1
random_n60_k5_pos30_neg5_err20_2.g;43.0;43.0;0.0;66.83;2135.0;1
random_n60_k5_pos30_neg5_err20_3.g;42.0;42.0;0.0;48.0;3249.0;1
random_n60_k5_pos30_neg5_err20_4.g;42.0;42.0;0.0;67.29;2403.0;1
random_n60_k5_pos30_neg5_err20_5.g;43.0;43.0;0.0;285.05;3084.0;1
