@ Le arquivo    : ../../instancias/KMBS/UNGA/Section55.3.5.g
@ K             : 2
@ melhor solucao encontrada
@ 0) 1, 2, 3, 4, 5, 8, 10, 11, 13, 15, 16, 17, 18, 19, 20, 21, 22, 23, 24, 25, 27, 28, 29, 30, 31, 32, 33, 34, 35, 36, 37, 38, 39, 40, 41, 42, 43, 44, 45, 46, 47, 48, 4
9, 50, 51, 52, 53, 54, 56, 57, 58, 60, 61, 62, 63, 64, 65, 66, 67, 68, 69, 70, 71, 72, 73, 74, 75, 76, 77, 78, 79, 80, 85, 86, 87, 88, 90, 91, 92, 95, 97, 98, 99, 101,
104, 105, 106, 107, 109, 110, 111, 113, 114, 115, 117, 118, 120, 121, 122, 123, 124, 126, 127, 128, 129, 130, 131, 132, 134, 135, 136, 137, 139, 140, 141, 142, 143, 144
, 145, 149, 151, 152, 153, 154, 155, 156, 157, 158, 159, 160, 161, 162, 163, 164, 165, 166, 167, 168, 169, 170, 171, 172, 173, 174, 175, 176, 177, 178, 179, 181, 184, 1
87,  (152)
@ 1) 9, 12, 14, 26, 55, 59, 81, 83, 84, 102, 103, 108, 147, 148, 150, 180, 183, 185,  (18)

---------------------------------------------------------------------- 

@ Le arquivo    : ../../instancias/KMBS/UNGA/Section55.3.5.g
@ K             : 3
@ melhor solucao encontrada
@ 0) 82, 88, 89, 93, 100, 125, 133,  (7)
@ 1) 1, 2, 3, 4, 5, 6, 8, 10, 11, 13, 15, 16, 17, 18, 19, 20, 21, 22, 23, 24, 25, 27, 28, 29, 30, 31, 32, 33, 34, 35, 36, 37, 38, 39, 40, 41, 42, 43, 44, 45, 46, 47, 48
, 49, 50, 51, 52, 53, 54, 56, 57, 60, 61, 62, 63, 64, 65, 66, 67, 68, 69, 70, 71, 72, 73, 74, 75, 76, 77, 78, 79, 80, 85, 86, 87, 90, 91, 92, 94, 95, 96, 97, 98, 99, 10
1, 104, 105, 106, 107, 109, 110, 111, 112, 113, 114, 115, 117, 118, 120, 121, 122, 123, 124, 126, 127, 128, 129, 130, 131, 132, 134, 135, 136, 137, 139, 140, 141, 142,
143, 144, 145, 149, 151, 152, 153, 154, 155, 156, 157, 158, 159, 160, 161, 162, 163, 164, 165, 166, 167, 168, 169, 170, 171, 172, 173, 174, 175, 176, 177, 178, 179, 181
, 184, 187,  (154)
@ 2) 9, 14, 55, 59, 81, 83, 102, 103, 108, 147, 148, 150, 180, 183, 185,  (15)

Analyses :

Group 0 - New group :
88, MAA, Mauritania (old big group)
Novos :
82, GNB, Guinea-Bissau
89, NIR, Niger
93, LBR, Liberia
100, CEN, Central African Republic
125, SEY, Seychelles
133, IRQ, Iraq

Group 1 - old big group :
+ 6, JAM, Jamaica
- 88, MAA, Mauritania 
+ 94, SIE, Sierra Leone
+ 96, TOG, Togo
+ 112, ANG, Angola
- 58, YUG, Yugoslavia

Group 2 - old small group :
- 12, SVG, St. Vincent and the Grenadines
- 26, SUR, Suriname
- 84, GAM, Gambia
____________________________________________________________________________________________________________
@ Le arquivo    : ../../instancias/KMBS/UNGA/Section55.1.8.g
@ K             : 2
@ melhor solucao encontrada
@ 0) 9, 81, 102, 103, 108, 147, 180, 183, 185,  (9)
@ 1) 1, 2, 3, 4, 5, 6, 8, 10, 11, 13, 15, 16, 17, 18, 19, 20, 21, 22, 23, 24, 25, 27, 28, 29, 30, 31, 32, 33, 34, 36, 37, 38, 39, 40, 41, 42, 43, 44, 45, 46, 47, 48, 49
, 50, 51, 52, 53, 54, 56, 57, 60, 61, 62, 63, 64, 65, 66, 67, 68, 69, 70, 71, 72, 73, 74, 75, 76, 77, 78, 79, 80, 85, 86, 87, 90, 91, 92, 94, 95, 96, 97, 98, 99, 104, 1
05, 106, 107, 109, 110, 111, 113, 114, 115, 117, 118, 120, 121, 122, 124, 126, 127, 128, 129, 130, 131, 132, 134, 135, 136, 137, 139, 140, 141, 142, 143, 144, 145, 149,
 151, 152, 153, 155, 156, 157, 158, 159, 160, 161, 162, 163, 164, 165, 166, 167, 168, 169, 170, 171, 172, 173, 174, 175, 176, 177, 178, 179, 181, 187,  (148)

@ Le arquivo    : ../../instancias/KMBS/UNGA/Section55.1.8.g
@ K             : 3
@ melhor solucao encontrada
@ 0) 1, 2, 3, 4, 5, 6, 8, 10, 11, 13, 15, 16, 17, 18, 19, 20, 21, 22, 23, 24, 25, 27, 28, 29, 30, 31, 32, 33, 34, 36, 37, 38, 39, 41, 42, 43, 44, 45, 46, 47, 48, 49, 50
, 51, 52, 53, 54, 56, 57, 60, 61, 62, 63, 64, 65, 66, 67, 68, 69, 70, 71, 72, 73, 74, 75, 76, 77, 78, 79, 80, 85, 86, 87, 90, 91, 92, 94, 95, 96, 97, 98, 99, 104, 105,
106, 107, 109, 110, 111, 112, 113, 114, 115, 117, 118, 120, 121, 122, 124, 126, 127, 128, 129, 130, 131, 132, 134, 135, 136, 137, 139, 140, 141, 142, 143, 144, 145, 149
, 151, 152, 153, 155, 156, 157, 158, 159, 160, 161, 162, 163, 164, 165, 166, 167, 168, 169, 170, 171, 172, 173, 174, 175, 176, 177, 178, 179, 181, 182, 187,  (149)
@ 1) 82, 89, 93, 100, 125, 133,  (6)
@ 2) 9, 81, 102, 103, 108, 180, 183, 185,  (8)

____________________________________________________________________________________________________________

@ Le arquivo    : ../../instancias/KMBS/UNGA/Section59.3.5.g
@ K             : 2
@ melhor solucao encontrada
@ 0) 1, 2, 3, 4, 5, 6, 7, 8, 9, 10, 11, 12, 13, 15, 16, 17, 18, 19, 20, 21, 22, 23, 24, 25, 26, 27, 28, 29, 30, 31, 32, 33, 34, 35, 36, 37, 38, 39, 40, 41, 42, 43, 44,
45, 46, 47, 48, 49, 50, 51, 52, 53, 54, 55, 56, 57, 58, 59, 60, 61, 62, 63, 64, 65, 66, 67, 68, 69, 70, 71, 72, 73, 74, 75, 76, 77, 78, 79, 80, 81, 82, 83, 84, 85, 86,
87, 88, 90, 91, 93, 94, 95, 96, 97, 98, 99, 100, 101, 103, 105, 106, 107, 108, 109, 110, 111, 112, 113, 114, 115, 116, 117, 118, 119, 120, 121, 122, 123, 124, 125, 126,
 127, 128, 129, 130, 131, 132, 133, 134, 135, 136, 137, 138, 139, 141, 142, 143, 144, 145, 146, 147, 148, 149, 150, 151, 152, 153, 154, 155, 156, 157, 158, 159, 160, 16
1, 162, 163, 164, 165, 166, 167, 168, 169, 170, 171, 172, 173, 174, 175, 176, 177, 178, 179, 180, 181, 182, 184, 185, 186, 190,  (180)
@ 1) 14, 102, 104, 183,  (4)

@ Le arquivo    : ../../instancias/KMBS/UNGA/Section59.3.5.g
@ K             : 3
@ melhor solucao encontrada
@ 0) 0, 140, 188,  (3)
@ 1) 1, 2, 3, 4, 5, 6, 7, 8, 9, 10, 11, 12, 13, 15, 16, 17, 18, 19, 20, 21, 22, 23, 24, 25, 26, 27, 28, 29, 30, 31, 32, 33, 34, 35, 36, 37, 38, 39, 40, 41, 42, 43, 44,
45, 46, 47, 48, 49, 50, 51, 52, 53, 54, 55, 56, 57, 58, 59, 60, 61, 62, 63, 64, 65, 66, 67, 68, 69, 70, 71, 72, 73, 74, 75, 76, 77, 78, 79, 80, 81, 82, 83, 84, 85, 86,
87, 88, 90, 91, 93, 94, 95, 96, 97, 98, 99, 100, 101, 103, 105, 106, 107, 108, 109, 110, 111, 112, 113, 114, 115, 116, 117, 118, 119, 120, 121, 122, 123, 124, 125, 126,
 127, 128, 129, 130, 131, 132, 133, 134, 135, 136, 137, 138, 139, 141, 142, 143, 144, 145, 146, 147, 148, 149, 150, 151, 152, 153, 154, 155, 156, 157, 158, 159, 160, 16
1, 162, 163, 164, 165, 166, 167, 168, 169, 170, 171, 172, 173, 174, 175, 176, 177, 178, 179, 180, 181, 182, 184, 185, 186, 190,  (180)
@ 2) 14, 102, 104, 183,  (4)

Analyses :

Group 0 - all new elements
0, USA, United States
140, ISR, Israel
188, PAL, Palau (colony of USA until 1994)

% session 59
% resolutions voted 
% http://research.un.org/en/docs/ga/quick/regular/59
% 15 resolutions (only one without vote) treating occupation, civilian protection and/or human rights in Palestinian territories.

____________________________________________________________________________________________________________

@ Le arquivo    : ../../instancias/KMBS/UNGA/Section59.1.8.g
@ K             : 2
@ melhor solucao encontrada
@ 0) 2, 3, 4, 5, 6, 7, 8, 9, 11, 12, 13, 15, 16, 17, 18, 19, 20, 21, 22, 23, 24, 25, 26, 27, 28, 29, 30, 31, 32, 33, 34, 36, 37, 38, 39, 42, 43, 44, 45, 46, 47, 48, 49,
 50, 51, 52, 53, 54, 55, 57, 58, 59, 60, 61, 62, 63, 64, 65, 66, 67, 68, 69, 70, 71, 72, 73, 74, 75, 76, 77, 78, 79, 80, 81, 82, 83, 84, 86, 87, 88, 91, 93, 95, 96, 97,
 98, 99, 100, 101, 105, 106, 107, 108, 110, 111, 112, 113, 115, 116, 117, 119, 120, 121, 122, 124, 125, 126, 127, 128, 129, 130, 131, 132, 133, 134, 136, 137, 138, 139,
 141, 142, 143, 144, 145, 146, 147, 148, 150, 151, 153, 154, 155, 157, 158, 159, 161, 162, 163, 164, 165, 166, 167, 168, 169, 170, 171, 172, 173, 174, 175, 176, 178, 17
9, 181, 182, 184, 186, 190,  (158)
@ 1) 14, 183,  (2)

@ Le arquivo    : ../../instancias/KMBS/UNGA/Section59.1.8.g
@ K             : 3
@ melhor solucao encontrada
@ 0) 2, 3, 4, 5, 6, 7, 8, 9, 11, 12, 13, 15, 16, 17, 18, 19, 20, 21, 22, 23, 24, 25, 26, 27, 28, 29, 30, 31, 32, 33, 34, 36, 37, 38, 39, 42, 43, 44, 45, 46, 47, 48, 49,
 50, 51, 52, 53, 54, 55, 57, 58, 59, 60, 61, 62, 63, 64, 65, 66, 67, 68, 69, 70, 71, 72, 73, 74, 75, 76, 77, 78, 79, 80, 81, 82, 83, 84, 86, 87, 88, 91, 93, 95, 96, 97,
 98, 99, 100, 101, 105, 106, 107, 108, 110, 111, 112, 113, 115, 116, 117, 119, 120, 121, 122, 124, 125, 126, 127, 128, 129, 130, 131, 132, 133, 134, 136, 137, 138, 139,
 141, 142, 143, 144, 145, 146, 147, 148, 150, 151, 153, 154, 155, 157, 158, 159, 161, 162, 163, 164, 165, 166, 167, 168, 169, 170, 171, 172, 173, 174, 175, 176, 178, 17
9, 181, 182, 184, 186, 190,  (158)
@ 1) 14, 183,  (2)
@ 2)  (0)
